15
1 13 4 12 
3 2 7 8 
5 18 19 16 
11 6 15 0

2 13 7 15 
19 3 9 10 
8 17 12 1 
6 14 5 0

5 11 18 7 
2 1 16 14 
17 13 8 6 
3 9 12 0

10 8 18 11 
7 13 6 16 
1 2 3 5 
15 19 14 0

2 16 6 17 
14 1 18 10 
8 5 13 12 
7 19 3 0

17 4 8 19 
5 16 1 12 
6 7 2 11 
15 14 13 0

14 5 18 8 
11 19 7 2 
15 12 3 13 
6 4 16 0

14 5 10 18 
16 9 8 11 
17 19 12 6 
15 3 7 0

12 1 8 2 
6 17 10 3 
14 15 13 4 
9 7 19 0

6 10 17 8 
16 11 1 7 
5 4 13 14 
19 3 15 0

3 5 14 4 
16 2 19 6 
17 7 8 15 
12 13 11 0

19 2 6 11 
16 18 9 15 
5 12 13 17 
7 1 4 0

15 6 11 10 
19 13 3 14 
8 18 7 17 
2 4 9 0

12 19 1 14 
13 9 16 2 
3 6 10 11 
5 18 17 0

2 11 1 17 
16 15 19 10 
14 18 13 6 
7 5 4 0

